d = 185, time cost(s): [2875.4992032051086, 2808.331198692322],RAM cost(GB): [1.7033271789550781, 1.7328224182128906].
d = 195, time cost(s): [3425.008460521698, 3238.3035790920258],RAM cost(GB): [1.73931884765625, 1.7423744201660156].
