d = 220, time cost(s): [13520.279317378998],RAM cost(GB): [2.437793731689453].
d = 240, time cost(s): [15624.178200244904],RAM cost(GB): [2.4882469177246094].
d = 260, time cost(s): [18405.274636268616],RAM cost(GB): [2.602397918701172].
