beta = 120, time cost(s): [15748.08759689331, 15552.914767503738],RAM cost(GB): [3.9553070068359375, 4.036586761474609].
beta = 130, time cost(s): [48516.392038583755, 49098.75900888443],RAM cost(GB): [9.996829986572266, 10.140357971191406].
beta = 140, time cost(s): [223124.6322286129, 231720.65031003952],RAM cost(GB): [31.58279800415039, 31.503948211669922].
